"x", "y", "value"
1, 1, 291
1, 2, 159
1, 4, 75
1, 8, 57
1, 12, 56
1, 16, 57
1, 20, 62
2, 1, 282
2, 2, 137
2, 4, 82
2, 8, 57
2, 12, 65
2, 16, 120
2, 20, 121, sh5
2,  20, 136, sh10
2, 20, 101, sh20
2, 20, 137
2, 21, 68
2, 22, 69
4, 1, 281
4, 2, 171
4, 4, 92
4, 8, 85
4, 12, 125
4, 16, 113
4, 20, 129
4, 20, 99
4, 20, 215
4, 20, 96
4, 21, 133
4, 22, 127
8, 1, 317
8, 2, 157
8, 4, 165
8, 8, 149
8, 12, 148
8, 16, 129
8, 20, 114, sh5
8, 20, 217, sh10
8, 20, 228, sh20
8, 20, 167
8, 21, 151
8, 22, 167




